 100.00000   12.00000    2.00000    0.26910  346.84795
 100.00000    9.00000    3.00000    0.25805 1539.25376
  75.00000   15.00000    2.00000    0.25764  710.64988
  50.00000   15.00000    2.00000    0.26513  503.47677
  10.00000   15.00000    2.00000    0.26347  561.83627
  10.00000   11.00000    3.00000    0.21671  950.84707
  25.00000   11.00000    3.00000    0.19764  935.75330
  75.00000   12.00000    2.00000    0.26699  529.06934
 125.00000   12.00000    2.00000    0.26434  786.65086
  75.00000    9.00000    3.00000    0.25861 1970.74810
